lat0: 17.6020432698723
lon0: 78.1266076398295
yaw0: 4.3
X0:   -0.000353239437882513
Y0:   0.019686905867643826
#X0: 0.03205425057181761
#Y0: -0.000584676148627106
#Psi0: 3.01875922353688
Psi0: 1.6
V0:   0.0