lat0: 17.6020728657317
lon0: 78.1270904513082
yaw0: 4.3
X0:   -8.906256385789837e-05
Y0:   -0.00018043583178686462
#X0: 0.03205425057181761
#Y0: -0.000584676148627106
#Psi0: 3.01875922353688
Psi0: 1.5
V0:   0.0
