lat0: 17.6020193184926
lon0: 78.1266609417371
yaw0: 4.3
X0:   0.001093422494605227
Y0:   -0.00041423456659836955
#X0: 0.03205425057181761
#Y0: -0.000584676148627106
#Psi0: 3.01875922353688
Psi0: 0.055755161708332
V0:   0.0
