lat0: 17.6020337029036
lon0: 78.1266026816929
yaw0: 4.3
X0:  -3.9566132778396324e-05
Y0:  -3.837336347157994e-05
#X0: 0.03205425057181761
#Y0: -0.000584676148627106
#Psi0: 3.01875922353688
Psi0: 1.61
V0:   0.0
