lat0: 17.6013400717013
lon0: 78.1266145628549
yaw0: 4.3
X0:   -0.00033383346718893236
Y0:   0.0007076220937281115
#X0: 0.03205425057181761
#Y0: -0.000584676148627106
#Psi0: 3.01875922353688
Psi0: 1.61
V0:   0.0