lat0: 17.6020665514592
lon0: 78.1270877389812
yaw0: 4.3
X0:   -0.0005846761486278106
Y0:   0.03205425057181761
#X0: 0.03205425057181761
#Y0: -0.000584676148627106
#Psi0: 3.01875922353688
Psi0: 1.5
V0:   0.0
